{"nbformat":4,"nbformat_minor":0,"metadata":{"colab":{"provenance":[],"mount_file_id":"1AXlNynJHBiiKpSeXSmEI_kC1Cflmc8bd","authorship_tag":"ABX9TyP8yNgM75LX79AjghPjab9O"},"kernelspec":{"name":"python3","display_name":"Python 3"},"language_info":{"name":"python"}},"cells":[{"cell_type":"code","execution_count":null,"metadata":{"colab":{"base_uri":"https://localhost:8080/"},"id":"9qkTunQPPfp7","executionInfo":{"status":"ok","timestamp":1711942985510,"user_tz":-345,"elapsed":87905,"user":{"displayName":"sandesh karki","userId":"08652827304258054670"}},"outputId":"02f11649-5231-4a5d-e6ed-129bb5b0d246"},"outputs":[{"output_type":"stream","name":"stdout","text":["Collecting pyspark\n","  Downloading pyspark-3.5.1.tar.gz (317.0 MB)\n","\u001b[2K     \u001b[90m━━━━━━━━━━━━━━━━━━━━━━━━━━━━━━━━━━━━━━━━\u001b[0m \u001b[32m317.0/317.0 MB\u001b[0m \u001b[31m3.6 MB/s\u001b[0m eta \u001b[36m0:00:00\u001b[0m\n","\u001b[?25h  Preparing metadata (setup.py) ... \u001b[?25l\u001b[?25hdone\n","Requirement already satisfied: py4j==0.10.9.7 in /usr/local/lib/python3.10/dist-packages (from pyspark) (0.10.9.7)\n","Building wheels for collected packages: pyspark\n","  Building wheel for pyspark (setup.py) ... \u001b[?25l\u001b[?25hdone\n","  Created wheel for pyspark: filename=pyspark-3.5.1-py2.py3-none-any.whl size=317488491 sha256=68ef4caeefd971c776833b5d1055e03d7c3e9459728e763df42221b189091bdb\n","  Stored in directory: /root/.cache/pip/wheels/80/1d/60/2c256ed38dddce2fdd93be545214a63e02fbd8d74fb0b7f3a6\n","Successfully built pyspark\n","Installing collected packages: pyspark\n","Successfully installed pyspark-3.5.1\n"]}],"source":["# setting up pyspark environment\n","!apt-get install openjdk-8-jdk-headless -qq > /dev/null\n","\n","!pip install pyspark\n","!pip install -U -q PyDrive\n","\n","import os\n","os.environ[\"JAVA_HOME\"] = \"/usr/lib/jvm/java-8-openjdk-amd64\"\n","\n","import pyspark\n","import pyspark.sql  as pyspark_sql\n","import pyspark.sql.types as pyspark_types\n","import pyspark.sql.functions  as F\n","from pyspark import SparkContext, SparkConf\n","\n","conf = SparkConf().set('spark ui port','4050')\n","sc = pyspark.SparkContext(conf=conf)\n","from pyspark.sql import SparkSession\n","\n","\n","# Create a SparkSession\n","spark = SparkSession.builder \\\n","    .appName(\"Read CSV\") \\\n","    .getOrCreate()"]},{"cell_type":"code","source":["spark = SparkSession.builder \\\n","    .appName(\"DecimalFormatExample\") \\\n","    .config(\"spark.sql.decimalOperations.allowPrecision\", \"true\") \\\n","    .config(\"spark.sql.decimalOperations.allowScale\", \"true\") \\\n","    .getOrCreate()"],"metadata":{"id":"6DFTkn1AdH3X"},"execution_count":null,"outputs":[]},{"cell_type":"code","source":["# Read csv file\n","df = spark.read.csv(\"/content/drive/MyDrive/salerecord.csv\" ,header = True,inferSchema= True)\n","df.show()"],"metadata":{"colab":{"base_uri":"https://localhost:8080/"},"id":"Ke7-wOIlPhix","executionInfo":{"status":"ok","timestamp":1711701929514,"user_tz":-345,"elapsed":40795,"user":{"displayName":"sandesh karki","userId":"08652827304258054670"}},"outputId":"4d20bf12-8cdd-46aa-b1ae-be9f733bbe08"},"execution_count":null,"outputs":[{"output_type":"stream","name":"stdout","text":["+--------------------+------------+---------------+-------------+--------------+----------+---------+----------+----------+----------+---------+-------------+----------+------------+\n","|              Region|     Country|      Item Type|Sales Channel|Order Priority|Order Date| Order ID| Ship Date|Units Sold|Unit Price|Unit Cost|Total Revenue|Total Cost|Total Profit|\n","+--------------------+------------+---------------+-------------+--------------+----------+---------+----------+----------+----------+---------+-------------+----------+------------+\n","|Australia and Oce...|       Palau|Office Supplies|       Online|             H|  3/6/2016|517073523| 3/26/2016|      2401|    651.21|   524.96|   1563555.21|1260428.96|   303126.25|\n","|              Europe|      Poland|      Beverages|       Online|             L| 4/18/2010|380507028| 5/26/2010|      9340|     47.45|    31.79|     443183.0|  296918.6|    146264.4|\n","|       North America|      Canada|         Cereal|       Online|             M|  1/8/2015|504055583| 1/31/2015|       103|     205.7|   117.11|      21187.1|  12062.33|     9124.77|\n","|              Europe|     Belarus|         Snacks|       Online|             C| 1/19/2014|954955518| 2/27/2014|      1414|    152.58|    97.44|    215748.12| 137780.16|    77967.96|\n","|Middle East and N...|        Oman|         Cereal|      Offline|             H| 4/26/2019|970755660|  6/2/2019|      7027|     205.7|   117.11|    1445453.9| 822931.97|   622521.93|\n","|  Sub-Saharan Africa|Burkina Faso|Office Supplies|       Online|             C|  3/3/2012|309317338|  4/5/2012|      2729|    651.21|   524.96|   1777152.09|1432615.84|   344536.25|\n","|              Europe|  Montenegro|  Personal Care|       Online|             H|11/24/2012|598814380|12/25/2012|      1337|     81.73|    56.67|    109273.01|  75767.79|    33505.22|\n","|Middle East and N...|  Azerbaijan|      Cosmetics|      Offline|             M| 3/18/2011|387733113|  5/5/2011|      7699|     437.2|   263.33|    3366002.8|2027377.67|  1338625.13|\n","|  Sub-Saharan Africa| South Sudan|        Clothes|      Offline|             C| 5/10/2014|994872367| 6/17/2014|      3696|    109.28|    35.84|    403898.88| 132464.64|   271434.24|\n","|       North America|   Greenland|  Personal Care|       Online|             C| 5/25/2020|659343469| 6/14/2020|      3239|     81.73|    56.67|    264723.47| 183554.13|    81169.34|\n","|              Europe|    Portugal|      Cosmetics|       Online|             M|11/12/2012|390570247|11/13/2012|      7270|     437.2|   263.33|    3178444.0| 1914409.1|   1264034.9|\n","|  Sub-Saharan Africa|Sierra Leone|        Clothes|      Offline|             C| 7/25/2019|818289029| 7/27/2019|      8763|    109.28|    35.84|    957620.64| 314065.92|   643554.72|\n","|              Europe|     Germany|  Personal Care|      Offline|             H|12/25/2010|842548644| 1/24/2011|      7722|     81.73|    56.67|    631119.06| 437605.74|   193513.32|\n","|              Europe|  Montenegro|  Personal Care|      Offline|             L|  8/3/2012|783710420| 8/10/2012|      6184|     81.73|    56.67|    505418.32| 350447.28|   154971.04|\n","|                Asia|  Bangladesh|         Cereal|      Offline|             L| 12/3/2013|132448184| 1/15/2014|      3216|     205.7|   117.11|     661531.2| 376625.76|   284905.44|\n","|  Sub-Saharan Africa|  Mauritius |         Snacks|       Online|             M| 9/22/2016|699748265| 10/3/2016|      9917|    152.58|    97.44|   1513135.86| 966312.48|   546823.38|\n","|                Asia|  Kyrgyzstan|         Snacks|      Offline|             H|11/22/2018|766909492|12/15/2018|      4416|    152.58|    97.44|    673793.28| 430295.04|   243498.24|\n","|  Sub-Saharan Africa|  Madagascar|        Clothes|       Online|             C|10/27/2019|935543191|10/29/2019|      6875|    109.28|    35.84|     751300.0|  246400.0|    504900.0|\n","|              Europe|     Romania|           Meat|       Online|             M| 1/25/2015|977573192|  2/7/2015|      4486|    421.89|   364.69|   1892598.54|1635999.34|    256599.2|\n","|              Europe|       Malta|  Personal Care|      Offline|             H| 5/21/2012|285235822| 6/22/2012|      6473|     81.73|    56.67|    529038.29| 366824.91|   162213.38|\n","+--------------------+------------+---------------+-------------+--------------+----------+---------+----------+----------+----------+---------+-------------+----------+------------+\n","only showing top 20 rows\n","\n"]}]},{"cell_type":"code","source":["df.printSchema()"],"metadata":{"id":"HJzPe_yKP5Yi","colab":{"base_uri":"https://localhost:8080/"},"executionInfo":{"status":"ok","timestamp":1711702018635,"user_tz":-345,"elapsed":448,"user":{"displayName":"sandesh karki","userId":"08652827304258054670"}},"outputId":"d2875b9d-5cba-4dc3-afd6-744a31c1aa39"},"execution_count":null,"outputs":[{"output_type":"stream","name":"stdout","text":["root\n"," |-- Region: string (nullable = true)\n"," |-- Country: string (nullable = true)\n"," |-- Item Type: string (nullable = true)\n"," |-- Sales Channel: string (nullable = true)\n"," |-- Order Priority: string (nullable = true)\n"," |-- Order Date: string (nullable = true)\n"," |-- Order ID: integer (nullable = true)\n"," |-- Ship Date: string (nullable = true)\n"," |-- Units Sold: integer (nullable = true)\n"," |-- Unit Price: double (nullable = true)\n"," |-- Unit Cost: double (nullable = true)\n"," |-- Total Revenue: double (nullable = true)\n"," |-- Total Cost: double (nullable = true)\n"," |-- Total Profit: double (nullable = true)\n","\n"]}]},{"cell_type":"code","source":["# change the date format\n","from pyspark.sql.functions import to_date,col\n","\n","sales = df.withColumn(\"Ship Date\", to_date(col(\"Ship Date\"), \"M/d/yyyy\")).withColumn(\"Order Date\", to_date(col(\"Order Date\"), \"M/d/yyyy\"))"],"metadata":{"id":"kpU0V5bUQh_D"},"execution_count":null,"outputs":[]},{"cell_type":"code","source":["sales.show()"],"metadata":{"colab":{"base_uri":"https://localhost:8080/"},"id":"5opk38KpTs4t","executionInfo":{"status":"ok","timestamp":1711703727888,"user_tz":-345,"elapsed":597,"user":{"displayName":"sandesh karki","userId":"08652827304258054670"}},"outputId":"f8013d00-5500-4252-ffaa-2631df01bb0c"},"execution_count":null,"outputs":[{"output_type":"stream","name":"stdout","text":["+--------------------+------------+---------------+-------------+--------------+----------+---------+----------+----------+----------+---------+-------------+----------+------------+\n","|              Region|     Country|      Item Type|Sales Channel|Order Priority|Order Date| Order ID| Ship Date|Units Sold|Unit Price|Unit Cost|Total Revenue|Total Cost|Total Profit|\n","+--------------------+------------+---------------+-------------+--------------+----------+---------+----------+----------+----------+---------+-------------+----------+------------+\n","|Australia and Oce...|       Palau|Office Supplies|       Online|             H|2016-03-06|517073523|2016-03-26|      2401|    651.21|   524.96|   1563555.21|1260428.96|   303126.25|\n","|              Europe|      Poland|      Beverages|       Online|             L|2010-04-18|380507028|2010-05-26|      9340|     47.45|    31.79|     443183.0|  296918.6|    146264.4|\n","|       North America|      Canada|         Cereal|       Online|             M|2015-01-08|504055583|2015-01-31|       103|     205.7|   117.11|      21187.1|  12062.33|     9124.77|\n","|              Europe|     Belarus|         Snacks|       Online|             C|2014-01-19|954955518|2014-02-27|      1414|    152.58|    97.44|    215748.12| 137780.16|    77967.96|\n","|Middle East and N...|        Oman|         Cereal|      Offline|             H|2019-04-26|970755660|2019-06-02|      7027|     205.7|   117.11|    1445453.9| 822931.97|   622521.93|\n","|  Sub-Saharan Africa|Burkina Faso|Office Supplies|       Online|             C|2012-03-03|309317338|2012-04-05|      2729|    651.21|   524.96|   1777152.09|1432615.84|   344536.25|\n","|              Europe|  Montenegro|  Personal Care|       Online|             H|2012-11-24|598814380|2012-12-25|      1337|     81.73|    56.67|    109273.01|  75767.79|    33505.22|\n","|Middle East and N...|  Azerbaijan|      Cosmetics|      Offline|             M|2011-03-18|387733113|2011-05-05|      7699|     437.2|   263.33|    3366002.8|2027377.67|  1338625.13|\n","|  Sub-Saharan Africa| South Sudan|        Clothes|      Offline|             C|2014-05-10|994872367|2014-06-17|      3696|    109.28|    35.84|    403898.88| 132464.64|   271434.24|\n","|       North America|   Greenland|  Personal Care|       Online|             C|2020-05-25|659343469|2020-06-14|      3239|     81.73|    56.67|    264723.47| 183554.13|    81169.34|\n","|              Europe|    Portugal|      Cosmetics|       Online|             M|2012-11-12|390570247|2012-11-13|      7270|     437.2|   263.33|    3178444.0| 1914409.1|   1264034.9|\n","|  Sub-Saharan Africa|Sierra Leone|        Clothes|      Offline|             C|2019-07-25|818289029|2019-07-27|      8763|    109.28|    35.84|    957620.64| 314065.92|   643554.72|\n","|              Europe|     Germany|  Personal Care|      Offline|             H|2010-12-25|842548644|2011-01-24|      7722|     81.73|    56.67|    631119.06| 437605.74|   193513.32|\n","|              Europe|  Montenegro|  Personal Care|      Offline|             L|2012-08-03|783710420|2012-08-10|      6184|     81.73|    56.67|    505418.32| 350447.28|   154971.04|\n","|                Asia|  Bangladesh|         Cereal|      Offline|             L|2013-12-03|132448184|2014-01-15|      3216|     205.7|   117.11|     661531.2| 376625.76|   284905.44|\n","|  Sub-Saharan Africa|  Mauritius |         Snacks|       Online|             M|2016-09-22|699748265|2016-10-03|      9917|    152.58|    97.44|   1513135.86| 966312.48|   546823.38|\n","|                Asia|  Kyrgyzstan|         Snacks|      Offline|             H|2018-11-22|766909492|2018-12-15|      4416|    152.58|    97.44|    673793.28| 430295.04|   243498.24|\n","|  Sub-Saharan Africa|  Madagascar|        Clothes|       Online|             C|2019-10-27|935543191|2019-10-29|      6875|    109.28|    35.84|     751300.0|  246400.0|    504900.0|\n","|              Europe|     Romania|           Meat|       Online|             M|2015-01-25|977573192|2015-02-07|      4486|    421.89|   364.69|   1892598.54|1635999.34|    256599.2|\n","|              Europe|       Malta|  Personal Care|      Offline|             H|2012-05-21|285235822|2012-06-22|      6473|     81.73|    56.67|    529038.29| 366824.91|   162213.38|\n","+--------------------+------------+---------------+-------------+--------------+----------+---------+----------+----------+----------+---------+-------------+----------+------------+\n","only showing top 20 rows\n","\n"]}]},{"cell_type":"code","source":["# using pivot\n","sales.groupby(\"Region\").pivot(\"Item type\").agg(F.sum(\"Total Revenue\")).show()"],"metadata":{"colab":{"base_uri":"https://localhost:8080/"},"id":"F1RLOx63aY6D","executionInfo":{"status":"ok","timestamp":1711703805703,"user_tz":-345,"elapsed":27969,"user":{"displayName":"sandesh karki","userId":"08652827304258054670"}},"outputId":"ba51c748-9651-4a7b-9804-e059914842f5"},"execution_count":null,"outputs":[{"output_type":"stream","name":"stdout","text":["+--------------------+--------------------+--------------------+--------------------+--------------------+--------------------+--------------------+--------------------+--------------------+--------------------+--------------------+--------------------+--------------------+\n","|              Region|           Baby Food|           Beverages|              Cereal|             Clothes|           Cosmetics|              Fruits|           Household|                Meat|     Office Supplies|       Personal Care|              Snacks|          Vegetables|\n","+--------------------+--------------------+--------------------+--------------------+--------------------+--------------------+--------------------+--------------------+--------------------+--------------------+--------------------+--------------------+--------------------+\n","|Middle East and N...|6.589853417871995...|1.229548072805000...|5.314294756979993E10|2.838726869503998...|1.132455730452004...|     2.41171967715E9|1.731096050655099...|1.093018200237601E11|1.690250661731100...|2.119679752288995E10|3.948516323783993...|3.993084190387990...|\n","|Australia and Oce...|4.308397932991994E10| 8.006479925599989E9|3.474618822840001E10|1.839053493311999E10|7.397465315399995E10|1.5751519914000006E9|1.129951974508799...|7.126966000475998E10|1.102115292915000...|1.385019799492997...|2.582016618335998...|2.608697810534002E10|\n","|              Europe|1.380352471793598...|2.566939736920002E10|1.112580251431002...|5.906454994959993E10|2.358376636520008E11| 5.043522951600011E9|3.605804213109301E11|2.279944018043994E11|3.521245439228996...|4.409646885511988E10|8.247907934784004E10|8.306036780692012E10|\n","|  Sub-Saharan Africa|1.380659726801602...|2.563994045664996E10|    1.11228461322E11|5.902636828255997...|2.366224717536001E11| 5.029833565079993E9|3.609105032533803E11|2.283500846067003E11|3.520228841810101...|4.419086814934003E10|    8.24595761145E10|   8.341485324234E10|\n","|Central America a...|5.746721066927994E10|1.068340740545000...|4.638339955259998E10|2.466084320671998E10|9.845160206840009E10|2.1059448627900035E9|1.510620793168999E11|9.512857060392006E10|1.465564847609099...|    1.83372484702E10|3.438879944478004...|3.461112037030003E10|\n","|       North America|1.151933640960000...| 2.155028298799999E9| 9.220122572099998E9| 4.884802995680002E9|    1.97646372436E10|4.1773854636000025E8|3.041581453020000...|1.905937351752000...|2.927126889686998...|3.6967785045400043E9| 6.832964659139995E9| 6.902768144780006E9|\n","|                Asia|7.766504468248003E10|1.441881612794999...|6.254535140259991...|3.325050320640008E10|1.330279697899999...| 2.843430962129997E9|  2.0326055144948E11|1.281677325066601...|  1.9833887536323E11|2.481343101731999...|4.645520653188014E10|4.687894697952007E10|\n","+--------------------+--------------------+--------------------+--------------------+--------------------+--------------------+--------------------+--------------------+--------------------+--------------------+--------------------+--------------------+--------------------+\n","\n"]}]},{"cell_type":"code","source":["# to see highest which region is selling highest units\n","salesbyregion = sales.groupBy(\"Region\").agg(F.sum(\"Units Sold\").alias(\"Total Units Sold\"))\n","max_val = salesbyregion.select(F.max('Total Units Sold')).collect()[0][0]\n","salesbyregion.filter(F.col('Total Units Sold') == max_val).show()"],"metadata":{"colab":{"base_uri":"https://localhost:8080/"},"id":"6hYhCbPDmV1u","executionInfo":{"status":"ok","timestamp":1711704440631,"user_tz":-345,"elapsed":27594,"user":{"displayName":"sandesh karki","userId":"08652827304258054670"}},"outputId":"7f856863-9578-43a3-f699-5cad17e03a0e"},"execution_count":null,"outputs":[{"output_type":"stream","name":"stdout","text":["+------------------+----------------+\n","|            Region|Total Units Sold|\n","+------------------+----------------+\n","|Sub-Saharan Africa|      6486855992|\n","+------------------+----------------+\n","\n"]}]},{"cell_type":"code","source":["# highest cost of country\n","costbycountry = sales.groupby(\"Country\").agg(F.sum(\"Total Cost\").alias(\"Total Cost\")) # group country according to totalcost\n","max_val = costbycountry.select(F.max('Total cost')).collect()[0][0]\n","costbycountry.filter(F.col('Total cost') == max_val).show()\n"],"metadata":{"colab":{"base_uri":"https://localhost:8080/"},"id":"k6ymaRDhrsDh","executionInfo":{"status":"ok","timestamp":1711539518525,"user_tz":-345,"elapsed":26882,"user":{"displayName":"sandesh karki","userId":"08652827304258054670"}},"outputId":"7e7b0303-69bd-44a9-bf94-fcc309f36e44"},"execution_count":null,"outputs":[{"output_type":"stream","name":"stdout","text":["+-------+--------------------+\n","|Country|          Total Cost|\n","+-------+--------------------+\n","| Rwanda|2.563928572492000...|\n","+-------+--------------------+\n","\n"]}]},{"cell_type":"code","source":["sales.groupBy(\"Region\").agg(F.sum(\"Units Sold\").alias(\"Total Units Sold\")).filter(\n","    F.col('Total Units Sold') == salesbyregion.select(F.max('Total Units Sold')).collect()[0][0]\n",").show()\n","\n"],"metadata":{"colab":{"base_uri":"https://localhost:8080/"},"id":"Xro_JUC5NpU9","executionInfo":{"status":"ok","timestamp":1711538349164,"user_tz":-345,"elapsed":27760,"user":{"displayName":"sandesh karki","userId":"08652827304258054670"}},"outputId":"ed31c1aa-c11b-4c07-c283-588bbadaa2d2"},"execution_count":null,"outputs":[{"output_type":"stream","name":"stdout","text":["+------------------+----------------+\n","|            Region|Total Units Sold|\n","+------------------+----------------+\n","|Sub-Saharan Africa|      6486855992|\n","+------------------+----------------+\n","\n"]}]},{"cell_type":"code","source":["salesbyregion.select(F.max('Total Units Sold')).collect()[0][0]"],"metadata":{"colab":{"base_uri":"https://localhost:8080/"},"id":"-P-JeRevor9G","executionInfo":{"status":"ok","timestamp":1711538510015,"user_tz":-345,"elapsed":13610,"user":{"displayName":"sandesh karki","userId":"08652827304258054670"}},"outputId":"b16573b9-1b9e-4ef6-be24-a0d1c721dcbd"},"execution_count":null,"outputs":[{"output_type":"execute_result","data":{"text/plain":["6486855992"]},"metadata":{},"execution_count":82}]},{"cell_type":"code","source":["import pyspark.sql.functions as F\n","sales2018 = sales.filter(F.year(\"Order Date\") == \"2018\")"],"metadata":{"id":"ungj4J-NaOwp"},"execution_count":null,"outputs":[]},{"cell_type":"code","source":["# filter data of 2020\n","sales2020 = sales.filter(F.year(\"Order Date\")== \"2020\")"],"metadata":{"id":"lOpDR8EbbJIQ"},"execution_count":null,"outputs":[]},{"cell_type":"code","source":["import pyspark.sql.functions as F\n","\n","INBOTH = sales2018.alias('df1').join(sales2020.alias('df2'), F.col(\"df1.Item Type\") == F.col(\"df2.Item Type\"), \"inner\").select('df1.*')\n","INBOTH.show()\n"],"metadata":{"colab":{"base_uri":"https://localhost:8080/"},"id":"65mEbXXock3c","executionInfo":{"status":"ok","timestamp":1711536274036,"user_tz":-345,"elapsed":47384,"user":{"displayName":"sandesh karki","userId":"08652827304258054670"}},"outputId":"3c2a1492-8d26-4427-de40-ee664768455c"},"execution_count":null,"outputs":[{"output_type":"stream","name":"stdout","text":["+------+-------+---------+-------------+--------------+----------+---------+----------+----------+----------+---------+-------------+----------+------------+\n","|Region|Country|Item Type|Sales Channel|Order Priority|Order Date| Order ID| Ship Date|Units Sold|Unit Price|Unit Cost|Total Revenue|Total Cost|Total Profit|\n","+------+-------+---------+-------------+--------------+----------+---------+----------+----------+----------+---------+-------------+----------+------------+\n","|Europe| Monaco|Baby Food|      Offline|             H|2018-10-29|839051043|2018-10-30|      2704|    255.28|   159.42|    690277.12| 431071.68|   259205.44|\n","|Europe| Monaco|Baby Food|      Offline|             H|2018-10-29|839051043|2018-10-30|      2704|    255.28|   159.42|    690277.12| 431071.68|   259205.44|\n","|Europe| Monaco|Baby Food|      Offline|             H|2018-10-29|839051043|2018-10-30|      2704|    255.28|   159.42|    690277.12| 431071.68|   259205.44|\n","|Europe| Monaco|Baby Food|      Offline|             H|2018-10-29|839051043|2018-10-30|      2704|    255.28|   159.42|    690277.12| 431071.68|   259205.44|\n","|Europe| Monaco|Baby Food|      Offline|             H|2018-10-29|839051043|2018-10-30|      2704|    255.28|   159.42|    690277.12| 431071.68|   259205.44|\n","|Europe| Monaco|Baby Food|      Offline|             H|2018-10-29|839051043|2018-10-30|      2704|    255.28|   159.42|    690277.12| 431071.68|   259205.44|\n","|Europe| Monaco|Baby Food|      Offline|             H|2018-10-29|839051043|2018-10-30|      2704|    255.28|   159.42|    690277.12| 431071.68|   259205.44|\n","|Europe| Monaco|Baby Food|      Offline|             H|2018-10-29|839051043|2018-10-30|      2704|    255.28|   159.42|    690277.12| 431071.68|   259205.44|\n","|Europe| Monaco|Baby Food|      Offline|             H|2018-10-29|839051043|2018-10-30|      2704|    255.28|   159.42|    690277.12| 431071.68|   259205.44|\n","|Europe| Monaco|Baby Food|      Offline|             H|2018-10-29|839051043|2018-10-30|      2704|    255.28|   159.42|    690277.12| 431071.68|   259205.44|\n","|Europe| Monaco|Baby Food|      Offline|             H|2018-10-29|839051043|2018-10-30|      2704|    255.28|   159.42|    690277.12| 431071.68|   259205.44|\n","|Europe| Monaco|Baby Food|      Offline|             H|2018-10-29|839051043|2018-10-30|      2704|    255.28|   159.42|    690277.12| 431071.68|   259205.44|\n","|Europe| Monaco|Baby Food|      Offline|             H|2018-10-29|839051043|2018-10-30|      2704|    255.28|   159.42|    690277.12| 431071.68|   259205.44|\n","|Europe| Monaco|Baby Food|      Offline|             H|2018-10-29|839051043|2018-10-30|      2704|    255.28|   159.42|    690277.12| 431071.68|   259205.44|\n","|Europe| Monaco|Baby Food|      Offline|             H|2018-10-29|839051043|2018-10-30|      2704|    255.28|   159.42|    690277.12| 431071.68|   259205.44|\n","|Europe| Monaco|Baby Food|      Offline|             H|2018-10-29|839051043|2018-10-30|      2704|    255.28|   159.42|    690277.12| 431071.68|   259205.44|\n","|Europe| Monaco|Baby Food|      Offline|             H|2018-10-29|839051043|2018-10-30|      2704|    255.28|   159.42|    690277.12| 431071.68|   259205.44|\n","|Europe| Monaco|Baby Food|      Offline|             H|2018-10-29|839051043|2018-10-30|      2704|    255.28|   159.42|    690277.12| 431071.68|   259205.44|\n","|Europe| Monaco|Baby Food|      Offline|             H|2018-10-29|839051043|2018-10-30|      2704|    255.28|   159.42|    690277.12| 431071.68|   259205.44|\n","|Europe| Monaco|Baby Food|      Offline|             H|2018-10-29|839051043|2018-10-30|      2704|    255.28|   159.42|    690277.12| 431071.68|   259205.44|\n","+------+-------+---------+-------------+--------------+----------+---------+----------+----------+----------+---------+-------------+----------+------------+\n","only showing top 20 rows\n","\n"]}]},{"cell_type":"code","source":[],"metadata":{"id":"J3idp8gyglYb"},"execution_count":null,"outputs":[]},{"cell_type":"code","source":["\n","sales.groupBy(\"Region\", \"Item Type\").agg(F.sum(F.col(\"Total Profit\")).alias(\"Total Profit\")).orderBy(F.asc(F.col(\"Region\")), F.desc(\"Total Profit\")).show()\n"],"metadata":{"colab":{"base_uri":"https://localhost:8080/"},"id":"NtOgJntjSjzY","executionInfo":{"status":"ok","timestamp":1711512086569,"user_tz":-345,"elapsed":14982,"user":{"displayName":"sandesh karki","userId":"08652827304258054670"}},"outputId":"7b314791-2ace-412a-bedd-1570b89c589a"},"execution_count":null,"outputs":[{"output_type":"stream","name":"stdout","text":["+--------------------+---------------+--------------------+\n","|              Region|      Item Type|        Total Profit|\n","+--------------------+---------------+--------------------+\n","|                Asia|      Cosmetics|5.290387261525008...|\n","|                Asia|      Household|5.040832476651991E10|\n","|                Asia|Office Supplies|   3.845193257875E10|\n","|                Asia|      Baby Food|2.916394227226006E10|\n","|                Asia|         Cereal|2.693676558461999...|\n","|                Asia|        Clothes|2.234550654720004...|\n","|                Asia|     Vegetables|1.920983982096000...|\n","|                Asia|           Meat|    1.73770278968E10|\n","|                Asia|         Snacks|1.678817727203999...|\n","|                Asia|  Personal Care| 7.608278249040002E9|\n","|                Asia|      Beverages| 4.758665133059997E9|\n","|                Asia|         Fruits| 7.344768080099986E8|\n","|Australia and Oce...|      Cosmetics|2.941896830715001E10|\n","|Australia and Oce...|      Household|2.802264664512004E10|\n","|Australia and Oce...|Office Supplies|    2.13666951875E10|\n","|Australia and Oce...|      Baby Food|1.617843253903998...|\n","|Australia and Oce...|         Cereal|1.496434037507999...|\n","|Australia and Oce...|        Clothes|1.235908570175999...|\n","|Australia and Oce...|     Vegetables|1.068980220557001...|\n","|Australia and Oce...|           Meat| 9.662766484800001E9|\n","+--------------------+---------------+--------------------+\n","only showing top 20 rows\n","\n"]}]},{"cell_type":"code","source":["import pyspark.sql.functions as F\n","# import pandas as pd\n","# sales.groupby(\"Country\",\"Region\",\"Item Type\").agg(\n","#     F.sum(\"Total Profit\").alias(\"Total Profit\")\n","# ).orderBy(\"Country\",\"Region\",F.desc(\"Total Profit\")).toPandas().head(50)\n","\n","\n","\n","sales.groupby(\"Country\",\"Region\",\"Item Type\").agg(\n","    F.sum(\"Total Revenue\").alias(\"Total Revenue\")\n",").orderBy(\"Country\",\"Region\",F.desc(\"Total Revenue\")).show()"],"metadata":{"id":"9oBdT3FxTPBP","colab":{"base_uri":"https://localhost:8080/"},"executionInfo":{"status":"ok","timestamp":1711530360893,"user_tz":-345,"elapsed":17016,"user":{"displayName":"sandesh karki","userId":"08652827304258054670"}},"outputId":"3e5878eb-ede7-4c83-90a0-09148b2590e0"},"execution_count":null,"outputs":[{"output_type":"stream","name":"stdout","text":["+-----------+--------------------+---------------+--------------------+\n","|    Country|              Region|      Item Type|       Total Revenue|\n","+-----------+--------------------+---------------+--------------------+\n","|Afghanistan|Middle East and N...|      Household|     7.48595318903E9|\n","|Afghanistan|Middle East and N...|Office Supplies| 7.329326221350002E9|\n","|Afghanistan|Middle East and N...|      Cosmetics|4.8975655524000025E9|\n","|Afghanistan|Middle East and N...|           Meat| 4.819488259740001E9|\n","|Afghanistan|Middle East and N...|      Baby Food|2.8656716785599995E9|\n","|Afghanistan|Middle East and N...|         Cereal|      2.3137662592E9|\n","|Afghanistan|Middle East and N...|     Vegetables|1.7521981747399995E9|\n","|Afghanistan|Middle East and N...|         Snacks|     1.73436450102E9|\n","|Afghanistan|Middle East and N...|        Clothes|1.2510146004799998E9|\n","|Afghanistan|Middle East and N...|  Personal Care| 9.350629589399999E8|\n","|Afghanistan|Middle East and N...|      Beverages|       5.410492893E8|\n","|Afghanistan|Middle East and N...|         Fruits|      1.0592626101E8|\n","|    Albania|              Europe|Office Supplies| 7.458215658180001E9|\n","|    Albania|              Europe|      Household| 7.423412472809996E9|\n","|    Albania|              Europe|      Cosmetics|      4.8785696496E9|\n","|    Albania|              Europe|           Meat| 4.761551793600001E9|\n","|    Albania|              Europe|      Baby Food|2.8543061023999996E9|\n","|    Albania|              Europe|         Cereal|      2.3095633968E9|\n","|    Albania|              Europe|     Vegetables|     1.74040750076E9|\n","|    Albania|              Europe|         Snacks|1.7071434661200004E9|\n","+-----------+--------------------+---------------+--------------------+\n","only showing top 20 rows\n","\n"]}]},{"cell_type":"code","source":["from pyspark.sql.window import Window\n","import pyspark.sql.functions as F\n","\n","window_spec = Window.partitionBy(\"Country\", \"Region\", \"Item Type\").orderBy(F.desc(\"Total Revenue\"))\n","result = sales.withColumn(\"Total Revenue\", F.sum(\"Total Revenue\").over(window_spec))\n","result = result.withColumn(\"row_number\", F.row_number().over(Window.partitionBy(\"Country\", \"Region\").orderBy(F.desc(\"Total Revenue\")))) \\\n","               .filter(F.col(\"row_number\") == 1) \\\n","               .drop(\"row_number\")\n","\n","# Display only the selected columns: \"Country\", \"Region\", \"Item Type\", and \"Total Revenue\"\n","result.select(\"Country\", \"Region\", \"Item Type\", \"Total Revenue\") \\\n","      .orderBy(\"Country\", \"Region\", F.desc(\"Total Revenue\")) \\\n","      .show()\n"],"metadata":{"colab":{"base_uri":"https://localhost:8080/"},"id":"H3qOsGy_Kf2h","executionInfo":{"status":"ok","timestamp":1711531061142,"user_tz":-345,"elapsed":40630,"user":{"displayName":"sandesh karki","userId":"08652827304258054670"}},"outputId":"7e39490c-39f2-4630-c8b7-a92d47d7eff1"},"execution_count":null,"outputs":[{"output_type":"stream","name":"stdout","text":["+--------------------+--------------------+---------------+-------------------+\n","|             Country|              Region|      Item Type|      Total Revenue|\n","+--------------------+--------------------+---------------+-------------------+\n","|         Afghanistan|Middle East and N...|      Household|    7.48595318903E9|\n","|             Albania|              Europe|Office Supplies|7.458215658179998E9|\n","|             Algeria|Middle East and N...|      Household|7.509104734910005E9|\n","|             Andorra|              Europe|      Household|7.485526164499994E9|\n","|              Angola|  Sub-Saharan Africa|      Household|     7.5525469628E9|\n","|Antigua and Barbuda |Central America a...|      Household|7.551797832130007E9|\n","|             Armenia|              Europe|      Household|7.575654402859997E9|\n","|           Australia|Australia and Oce...|      Household|7.504088700290007E9|\n","|             Austria|              Europe|      Household|7.462722119020013E9|\n","|          Azerbaijan|Middle East and N...|      Household|7.587695959990002E9|\n","|             Bahrain|Middle East and N...|      Household|     7.5119896565E9|\n","|          Bangladesh|                Asia|      Household|7.547983346970021E9|\n","|            Barbados|Central America a...|      Household|7.594967405859992E9|\n","|             Belarus|              Europe|      Household|7.410804222720001E9|\n","|             Belgium|              Europe|      Household|7.486871392009994E9|\n","|              Belize|Central America a...|      Household|7.563170450990001E9|\n","|               Benin|  Sub-Saharan Africa|      Household|7.497468817670002E9|\n","|              Bhutan|                Asia|      Household|7.636575900869997E9|\n","|Bosnia and Herzeg...|              Europe|      Household|7.603678305309994E9|\n","|            Botswana|  Sub-Saharan Africa|      Household|7.504565845069991E9|\n","+--------------------+--------------------+---------------+-------------------+\n","only showing top 20 rows\n","\n"]}]},{"cell_type":"code","source":["del result"],"metadata":{"id":"uaL4Ip59MP-n"},"execution_count":null,"outputs":[]},{"cell_type":"code","source":["sales.printSchema()"],"metadata":{"colab":{"base_uri":"https://localhost:8080/"},"id":"9ncdnsGXQm30","executionInfo":{"status":"ok","timestamp":1711465493958,"user_tz":-345,"elapsed":436,"user":{"displayName":"sandesh karki","userId":"08652827304258054670"}},"outputId":"9a358680-d614-4c76-ba37-b59935a43cfb"},"execution_count":null,"outputs":[{"output_type":"stream","name":"stdout","text":["root\n"," |-- Region: string (nullable = true)\n"," |-- Country: string (nullable = true)\n"," |-- Item Type: string (nullable = true)\n"," |-- Sales Channel: string (nullable = true)\n"," |-- Order Priority: string (nullable = true)\n"," |-- Order Date: date (nullable = true)\n"," |-- Order ID: integer (nullable = true)\n"," |-- Ship Date: date (nullable = true)\n"," |-- Units Sold: integer (nullable = true)\n"," |-- Unit Price: double (nullable = true)\n"," |-- Unit Cost: double (nullable = true)\n"," |-- Total Revenue: double (nullable = true)\n"," |-- Total Cost: double (nullable = true)\n"," |-- Total Profit: double (nullable = true)\n","\n"]}]},{"cell_type":"code","source":["#selected columns as per requirements\n","columns = [\"Region\",\"Item Type\",\"Total Profit\"]\n","filterdata = sales.select(*columns)\n"],"metadata":{"id":"1dO4Gqi0gmcE"},"execution_count":null,"outputs":[]},{"cell_type":"code","source":["filterdata.show()\n","filterdata.printSchema()"],"metadata":{"colab":{"base_uri":"https://localhost:8080/"},"id":"GfASIUVogyi9","executionInfo":{"status":"ok","timestamp":1711528550522,"user_tz":-345,"elapsed":512,"user":{"displayName":"sandesh karki","userId":"08652827304258054670"}},"outputId":"2d728af6-fe81-44f8-d2ea-da49cd6bc946"},"execution_count":null,"outputs":[{"output_type":"stream","name":"stdout","text":["+--------------------+---------------+------------+\n","|              Region|      Item Type|Total Profit|\n","+--------------------+---------------+------------+\n","|Australia and Oce...|Office Supplies|   303126.25|\n","|              Europe|      Beverages|    146264.4|\n","|       North America|         Cereal|     9124.77|\n","|              Europe|         Snacks|    77967.96|\n","|Middle East and N...|         Cereal|   622521.93|\n","|  Sub-Saharan Africa|Office Supplies|   344536.25|\n","|              Europe|  Personal Care|    33505.22|\n","|Middle East and N...|      Cosmetics|  1338625.13|\n","|  Sub-Saharan Africa|        Clothes|   271434.24|\n","|       North America|  Personal Care|    81169.34|\n","|              Europe|      Cosmetics|   1264034.9|\n","|  Sub-Saharan Africa|        Clothes|   643554.72|\n","|              Europe|  Personal Care|   193513.32|\n","|              Europe|  Personal Care|   154971.04|\n","|                Asia|         Cereal|   284905.44|\n","|  Sub-Saharan Africa|         Snacks|   546823.38|\n","|                Asia|         Snacks|   243498.24|\n","|  Sub-Saharan Africa|        Clothes|    504900.0|\n","|              Europe|           Meat|    256599.2|\n","|              Europe|  Personal Care|   162213.38|\n","+--------------------+---------------+------------+\n","only showing top 20 rows\n","\n","root\n"," |-- Region: string (nullable = true)\n"," |-- Item Type: string (nullable = true)\n"," |-- Total Profit: double (nullable = true)\n","\n"]}]},{"cell_type":"code","source":["# result of first requriments\n","import pyspark.sql.functions as F\n","\n","filterdata.groupBy(\"Region\", \"Item Type\").agg(\n","    F.sum(\"Total Profit\").alias(\"Total Profit\")\n","  ).orderBy(\n","      \"Region\",F.desc(\"Total Profit\")\n","  ).show()"],"metadata":{"colab":{"base_uri":"https://localhost:8080/"},"id":"fnSzNc-xkrvw","executionInfo":{"status":"ok","timestamp":1711528830177,"user_tz":-345,"elapsed":15777,"user":{"displayName":"sandesh karki","userId":"08652827304258054670"}},"outputId":"154a027f-97d8-43d7-8dd3-37ae3387fd31"},"execution_count":null,"outputs":[{"output_type":"stream","name":"stdout","text":["+--------------------+---------------+--------------------+\n","|              Region|      Item Type|        Total Profit|\n","+--------------------+---------------+--------------------+\n","|                Asia|      Cosmetics|5.290387261525008...|\n","|                Asia|      Household|5.040832476651991E10|\n","|                Asia|Office Supplies|   3.845193257875E10|\n","|                Asia|      Baby Food|2.916394227226006E10|\n","|                Asia|         Cereal|2.693676558461999...|\n","|                Asia|        Clothes|2.234550654720004...|\n","|                Asia|     Vegetables|1.920983982096000...|\n","|                Asia|           Meat|    1.73770278968E10|\n","|                Asia|         Snacks|1.678817727203999...|\n","|                Asia|  Personal Care| 7.608278249040002E9|\n","|                Asia|      Beverages| 4.758665133059997E9|\n","|                Asia|         Fruits| 7.344768080099986E8|\n","|Australia and Oce...|      Cosmetics|2.941896830715001E10|\n","|Australia and Oce...|      Household|2.802264664512004E10|\n","|Australia and Oce...|Office Supplies|    2.13666951875E10|\n","|Australia and Oce...|      Baby Food|1.617843253903998...|\n","|Australia and Oce...|         Cereal|1.496434037507999...|\n","|Australia and Oce...|        Clothes|1.235908570175999...|\n","|Australia and Oce...|     Vegetables|1.068980220557001...|\n","|Australia and Oce...|           Meat| 9.662766484800001E9|\n","+--------------------+---------------+--------------------+\n","only showing top 20 rows\n","\n"]}]},{"cell_type":"code","source":["\n","result1 = filterdata.groupBy(\"Region\", \"Item Type\") \\\n","           .agg(sum(\"Total Profit\").alias(\"Total Profit\")) \\\n","           .orderBy(\"Region\", desc(\"Total Profit\"))\n","result1.show()"],"metad